256
0 240
1 0
2 60
3 36
4 0
5 60
6 52
7 0
8 52
9 0
10 60
11 80
12 0
13 4
14 44
15 0
16 56
17 0
18 88
19 72
20 0
21 80
22 76
23 0
24 52
25 68
26 0
27 64
28 0
29 88
30 80
31 0
32 72
33 40
34 0
35 72
36 36
37 0
38 48
39 64
40 0
41 64
42 48
43 0
44 28
45 76
46 0
47 84
48 76
49 88
50 0
51 80
52 108
53 0
54 52
55 76
56 92
57 0
58 88
59 100
60 100
61 0
62 104
63 0
64 132
65 108
66 0
67 148
68 124
69 168
70 160
71 160
72 0
73 212
74 208
75 180
76 200
77 264
78 216
79 220
80 312
81 224
82 272
83 296
84 284
85 316
86 252
87 536
88 368
89 408
90 372
91 824
92 352
93 596
94 456
95 860
96 916
97 400
98 880
99 908
100 580
101 1860
102 1416
103 2564
104 2036
105 3392
106 5928
107 5724
108 11964
109 11436
110 16256
111 17772
112 20324
113 21444
114 17484
115 23296
116 16144
117 12096
118 11748
119 9408
120 9020
121 5080
122 5316
123 2776
124 1364
125 2056
126 872
127 1260
128 868
129 376
130 552
131 176
132 432
133 192
134 156
135 252
136 112
137 136
138 116
139 104
140 88
141 116
142 100
143 88
144 60
145 108
146 76
147 116
148 88
149 76
150 68
151 92
152 72
153 0
154 44
155 64
156 56
157 0
158 112
159 72
160 76
161 0
162 96
163 52
164 0
165 0
166 32
167 44
168 0
169 48
170 0
171 76
172 28
173 0
174 36
175 36
176 0
177 44
178 0
179 28
180 0
181 20
182 52
183 0
184 20
185 0
186 32
187 0
188 12
189 0
190 20
191 0
192 12
193 0
194 12
195 0
196 12
197 0
198 20
199 0
200 4
201 0
202 28
203 0
204 8
205 0
206 0
207 0
208 0
209 16
210 0
211 8
212 0
213 12
214 0
215 0
216 12
217 0
218 20
219 0
220 28
221 0
222 0
223 20
224 0
225 12
226 0
227 0
228 36
229 0
230 48
231 0
232 0
233 24
234 0
235 24
236 0
237 36
238 0
239 0
240 24
241 0
242 16
243 0
244 0
245 12
246 0
247 16
248 0
249 0
250 4
251 0
252 0
253 0
254 0
255 4
256
0 240
1 0
2 60
3 36
4 0
5 60
6 52
7 0
8 52
9 0
10 60
11 80
12 0
13 4
14 44
15 0
16 56
17 0
18 88
19 72
20 0
21 80
22 76
23 0
24 52
25 68
26 0
27 64
28 0
29 88
30 80
31 0
32 72
33 40
34 0
35 72
36 36
37 0
38 48
39 64
40 0
41 64
42 48
43 0
44 28
45 76
46 0
47 84
48 76
49 88
50 0
51 80
52 108
53 0
54 52
55 76
56 92
57 0
58 88
59 100
60 100
61 0
62 104
63 0
64 132
65 108
66 0
67 148
68 124
69 168
70 160
71 160
72 0
73 212
74 208
75 180
76 200
77 264
78 216
79 220
80 312
81 224
82 272
83 296
84 284
85 316
86 252
87 536
88 368
89 408
90 372
91 824
92 352
93 596
94 456
95 860
96 916
97 400
98 880
99 908
100 580
101 1860
102 1416
103 2564
104 2036
105 3392
106 5928
107 5724
108 11964
109 11436
110 16256
111 17772
112 20324
113 21444
114 17484
115 23296
116 16144
117 12096
118 11748
119 9408
120 9020
121 5080
122 5316
123 2776
124 1364
125 2056
126 872
127 1260
128 868
129 376
130 552
131 176
132 432
133 192
134 156
135 252
136 112
137 136
138 116
139 104
140 88
141 116
142 100
143 88
144 60
145 108
146 76
147 116
148 88
149 76
150 68
151 92
152 72
153 0
154 44
155 64
156 56
157 0
158 112
159 72
160 76
161 0
162 96
163 52
164 0
165 0
166 32
167 44
168 0
169 48
170 0
171 76
172 28
173 0
174 36
175 36
176 0
177 44
178 0
179 28
180 0
181 20
182 52
183 0
184 20
185 0
186 32
187 0
188 12
189 0
190 20
191 0
192 12
193 0
194 12
195 0
196 12
197 0
198 20
199 0
200 4
201 0
202 28
203 0
204 8
205 0
206 0
207 0
208 0
209 16
210 0
211 8
212 0
213 12
214 0
215 0
216 12
217 0
218 20
219 0
220 28
221 0
222 0
223 20
224 0
225 12
226 0
227 0
228 36
229 0
230 48
231 0
232 0
233 24
234 0
235 24
236 0
237 36
238 0
239 0
240 24
241 0
242 16
243 0
244 0
245 12
246 0
247 16
248 0
249 0
250 4
251 0
252 0
253 0
254 0
255 4
256
0 240
1 0
2 60
3 36
4 0
5 60
6 52
7 0
8 52
9 0
10 60
11 80
12 0
13 4
14 44
15 0
16 56
17 0
18 88
19 72
20 0
21 80
22 76
23 0
24 52
25 68
26 0
27 64
28 0
29 88
30 80
31 0
32 72
33 40
34 0
35 72
36 36
37 0
38 48
39 64
40 0
41 64
42 48
43 0
44 28
45 76
46 0
47 84
48 76
49 88
50 0
51 80
52 108
53 0
54 52
55 76
56 92
57 0
58 88
59 100
60 100
61 0
62 104
63 0
64 132
65 108
66 0
67 148
68 124
69 168
70 160
71 160
72 0
73 212
74 208
75 180
76 200
77 264
78 216
79 220
80 312
81 224
82 272
83 296
84 284
85 316
86 252
87 536
88 368
89 408
90 372
91 824
92 352
93 596
94 456
95 860
96 916
97 400
98 880
99 908
100 580
101 1860
102 1416
103 2564
104 2036
105 3392
106 5928
107 5724
108 11964
109 11436
110 16256
111 17772
112 20324
113 21444
114 17484
115 23296
116 16144
117 12096
118 11748
119 9408
120 9020
121 5080
122 5316
123 2776
124 1364
125 2056
126 872
127 1260
128 868
129 376
130 552
131 176
132 432
133 192
134 156
135 252
136 112
137 136
138 116
139 104
140 88
141 116
142 100
143 88
144 60
145 108
146 76
147 116
148 88
149 76
150 68
151 92
152 72
153 0
154 44
155 64
156 56
157 0
158 112
159 72
160 76
161 0
162 96
163 52
164 0
165 0
166 32
167 44
168 0
169 48
170 0
171 76
172 28
173 0
174 36
175 36
176 0
177 44
178 0
179 28
180 0
181 20
182 52
183 0
184 20
185 0
186 32
187 0
188 12
189 0
190 20
191 0
192 12
193 0
194 12
195 0
196 12
197 0
198 20
199 0
200 4
201 0
202 28
203 0
204 8
205 0
206 0
207 0
208 0
209 16
210 0
211 8
212 0
213 12
214 0
215 0
216 12
217 0
218 20
219 0
220 28
221 0
222 0
223 20
224 0
225 12
226 0
227 0
228 36
229 0
230 48
231 0
232 0
233 24
234 0
235 24
236 0
237 36
238 0
239 0
240 24
241 0
242 16
243 0
244 0
245 12
246 0
247 16
248 0
249 0
250 4
251 0
252 0
253 0
254 0
255 4
